Experiment	Treatment	Bottle	Time(hours)	Abundance Microscope (cells mL-1)	Abundance FCM cells mL-1	Abundance Syn FCM cells mL-1	Bacterial production ug C L-1 h-1	DOC(umol L-1)	TDN (umol L-1)	NH4+(umol L-1)	NO2- (umol L-1)	NO3- (umol L-1)	DIN (umol L-1)	DON (umol L-1)	TDHAA (umol L-1)	DCAA (umol L-1)	DFAA (umol L-1)	PO43-(umol L-1)	chl a (ug L-1)	PP (ug C L-1 h-1)	Abundance PicoEukaryotes cells ml-1	Abundance phototrophic nanoeukaryotes cells ml-1
A	C	C1	0	107795,8069	129077,5714	364,185006	0,018726035	140,8333333	23,9	2,507	0,013	0,323046	2,843046	21,056954	813,1398273	758,4958861	106,1430887	0,021				
A	C	C2	0	388771,7625	99734,66521	218,5110036	0,015946135	131,0833333	16,74285714	1,151	0,019	0,16506	1,33506	15,40779714	2690,806173	2635,957784	59,57313662					
A	C	C3	0	339291,72	113391,6029	148,2753239	0,018781726	131	24,10714286	2,1	0,011	0,245232	2,356232	21,75091086	1583,408675	1532,567997	62,12060823	0,019				
A	J	J1	0	126350,8228	153035,7422	288,7466833	0,007736382	140,6666667	26,69285714	1,733	0,009	0,287676	2,029676	24,66318114	2410,40288	1192,330469	1351,047408	0,147				
A	J	J2	0	484197,5588	118073,9816	234,1189324	0,009397824	137,0833333	22,47142857	1,317	0,007	0,198072	1,522072	20,94935657			1182,564047	0,11				
A	J	J3	0	374634,6075	126970,501	210,7070392	0,008882684	149,5	27,82857143	2,382	0,017	0,299466	2,698466	25,13010543	2383,127499	1155,714484	1317,901882	0,151				
A	C	C1	9	133419,4003	138832,5269	202,9030748	0,041601036	142,5833333	20,07857143	1,321	0,021	0,190998	1,532998	18,54557343	752,738664	709,3253954	76,30910224	0,02				
A	C	C2	9	108679,3791	116981,4266	312,1585766	0,058136566	129,6666667	17,3	1,064	0,008	0,15327	1,22527	16,07473	1415,513094	1319,979795	100,2061372	0,03				
A	C	C3	9	115747,9566	129545,8093	140,4713595	0,049230677	127,9166667	18,92857143	1,131	0,012	0,175671	1,318671	17,60990043	1471,494523	1437,383468	42,83375793	0,022				
A	J	J1	9	165227,9991	168253,4728	202,9030748	0,062034922	152,9166667	35,09285714	1,438	0,017	0,175671	1,630671	33,46218614	2754,278566	1732,833917	1400,447551	0,178				
A	J	J2	9	119282,2453	133759,9501	148,2753239	0,03719218	144,8333333	31,39285714	1,158	0,012	0,15327	1,32327	30,06958714	2802,546707	2095,760949	1523,613858	0,167				
A	J	J3	9	124583,6784	140159,2009	265,3347901	0,038389532	147,5	33,4	1,444	0,021	0,143838	1,608838	31,791162	2679,164386	1434,792484	1333,806866	0,181				
A	C	C1	24	219125,9025	3426564,695	257,5308257	0,391037669	143,3333333	40,19285714	1,004	0,015	0,178029	1,197029	38,99582814			139,4096357	0,005				
A	C	C2	24	140487,9778	1751599,813	280,9427189	0,811939535	137,1666667	28,10714286	0,87	0,01	0,12969	1,00969	27,09745286	1357,530832	1295,313255	66,32951686	0,017				
A	C	C3	24	113097,24	1634618,386	202,9030748	0,403540256	138,8333333	27,42142857	0,863	0,009	0,160344	1,032344	26,38908457	1388,83905	1338,509152	55,0845903	0,014				
A	J	J1	24	4162606,75	277274,8556	249,7268612	10,372265	141,5833333	20,95714286	3,175	0,016	0,182745	3,373745	17,58339786	3971,487579	3496,573536	805,3442476	0,045				
A	J	J2	24	1678787,156	261901,0457	234,1189324	21,37530929	121	17,50714286	0,487	0,008	0,146196	0,641196	16,86594686	2847,965141	2075,983399	962,9730471	0,052				
A	J	J3	24	1452985,375	218432,9639	171,6872171	20,42326513	127,5833333	20,62857143	0,685	0,013	0,142659	0,840659	19,78791243	1967,839917	1218,629539	993,0427125	0,079				
A	C	C1	43	222660,1913	6002419,229	179,4911815	0,3297917	138,3333333	20,49285714	0,814	0,007	0,183924	1,004924	19,48793314	813,021913	769,1231968	84,89726831	0,015				
A	C	C2	43	353428,875	6085921,648	202,9030748	0,687317423	117,6666667	15,13571429	0,452	0,007	0,124974	0,583974	14,55174029	1700,739888	1639,996829	63,5158328	0,013				
A	C	C3	43	222660,1913	6469408,459	210,7070392	0,258646689	133	22,54285714	0,743	0,009	0,185103	0,937103	21,60575414	1773,024826	1735,500377	48,71235243	0,016				
A	J	J1	43	4241146,5	415092,8672	179,4911815	10,92982284	135,3333333	43,57142857	6,696	0,01	0,190998	6,896998	36,67443057	3100,993853	2956,848368	654,3356617	0,072				
A	J	J2	43	5203258,438	859372,5613	312,1585766	11,4627839	133,4166667	35,05714286	4,316	0,009	0,218115	4,543115	30,51402786	3455,233258	3352,109973	526,8774854	0,022				
A	J	J3	43	5281798,188	345403,465	148,2753239	12,76441737	135,25	37,22142857	4,516	0,01	0,132048	4,658048	32,56338057			392,5040212	0,048				
A	C	C1	67	213824,4694	7220227,876	187,2951459	0,191613516	136,6666667	19,75	0,726	0,013	0,206325	0,945325	18,804675			113,7991533	0,012				
A	C	C2	67	444436,8103	8290073,357	187,2951459	0,272058893	122,3333333	15,77857143	0,449	0,009	0,126153	0,584153	15,19441843	2074,763689	2024,515019	56,59027794	0,008				
A	C	C3	67	285393,8166	9294599,657	202,9030748	0,148276784	124,9166667	18,62857143	0,69	0,01	0,180387	0,880387	17,74818443	939,8866476	903,3070717	59,4667048	0,01				
A	J	J1	67	5821758,969	408537,5371	312,1585766	6,302668286	147,6666667	39,57142857	8,685	0,01	0,183924	8,878924	30,69250457			239,2875461	0,047				
A	J	J2	67	897709,3425	1001248,634	218,5110036	6,064571507	138,1666667	31,72857143	7,49	0,013	0,159165	7,662165	24,06640643			191,5130698	0,007				
A	J	J3	67	5635227,063	343218,3549	187,2951459	5,268471366	154,1666667	34,45	6,649	0,011	0,147375	6,807375	27,642625	2634,021851	2540,936915	447,1702091	0,012				
B	C	SC1	0	269489,5172	648821,6014	9817,387233	0,267715009	134,75	25,14285714	0,6	0,029	0,270599	0,899599	24,24325814	1356,62854	1241,682719	119,9674615	0,046	0,05	0,252871914	93,64757297	171,6872171
B	C	SC2	0	271256,6616	423989,3866	10621,19557	0,190903459	123,9166667	16,75	0,702	0,017	0,415251	1,134251	15,615749	998,2091312	907,8623186	91,81234657	0,024	0,05	0,394409944	85,84360855	273,1387545
B	C	SC3	0	165227,9991	453800,5307	10402,68456	0,225092975	135,25	17,59285714	0,681	0,024	0,218225	0,923225	16,66963214	1095,513844	1004,605727	90,90811743	0,042	0,04	0,422155612	15,60792883	202,9030748
B	J	SJ1	0	453272,5322	329873,5758	8896,519432	2,935249156	248,5833333	51,57142857	7,062	0,033	0,682109	7,777109	43,79431957	2458,649612	2233,785915	247,9311692	0,039	0,05	0,476275031	78,03964414	210,7070392
B	J	SJ2	0	371983,8909	235913,8442	9637,896051	0,306842445	168,5	46,34285714	6,694	0,036	0,441438	7,171438	39,17141914	3087,648315	3005,200049	102,6121898	0,036	0,05	0,578024697	46,82378648	202,9030748
B	J	SJ3	0	203221,6031	235679,7253	9434,992976	0,480453907	152,8333333	48,59285714	6,07	0,032	0,456402	6,558402	42,03445514	2039,547308	1809,98195	349,7738765	0,045	0,02	0,418905539	78,03964414	257,5308257
B	C	SC1	24	263304,5119	1012798,502	12338,06774	0,249703673	131,8333333	24,87857143	0,529	0,025	0,279328	0,833328	24,04524343	1273,057459	1147,787821	125,2696374	0,03	0,1	0,644935633	124,8634306	366,7863275
B	C	SC2	24	318969,5597	1106094,896	12057,12502	0,219639917	117,5	13,77142857	0,573	0,025	0,170839	0,768839	13,00258957	796,7492697	695,345018	106,2749051	0,038	0,1	0,837463886	163,8832527	382,3942563
B	C	SC3	24	203221,6031	891680,9739	16903,38692	0,220354616	124,75	18,85	0,566	0,019	0,220719	0,805719	18,044281	1158,704528	1056,903073	101,8014552	0,026	0,09	0,786780653	195,0991103	390,1982207
B	J	SJ1	24	316318,8431	592242,8594	21679,41314	2,566019081	221,4166667	50,7	6,208	0,039	0,569879	6,816879	43,883121	2175,129112	2097,167065	102,7563668	0,034	0,15	1,032296164	163,8832527	444,8259716
B	J	SJ2	24	530143,3125	327922,5847	14681,85838	0,86110988	167,8333333	48,34285714	6,543	0,032	0,422733	6,997733	41,34512414	2116,417335	1914,731956	221,045947	0,045	0,12	0,846734464	202,9030748	585,297331
B	J	SJ3	24	263304,5119	446776,9627	21905,72811	1,787804972	188,4166667	54,60714286	5,857	0,034	0,44892	6,33992	48,26722286	1965,703796	1709,234343	437,068974	0,028	0,15	0,885873655	132,667395	288,7466833
B	C	SC1	48										0	0					0,12			
B	C	SC2	48										0	0					0,11			
B	C	SC3	48										0	0					0,1			
B	J	SJ1	48										0	0					0,23			
B	J	SJ2	48										0	0					0,23			
B	J	SJ3	48										0	0					0,17			
B	C	SC1	72	129001,5394	1108162,947	14905,57203	0,106671107	140,5	22,85714286	0,403	0,028	0,230695	0,661695	22,19544786	1207,361821	1094,548013	117,5865584	0,039	0,2	1,583196327	561,8854378	1053,535196
B	C	SC2	72	273023,8059	1034259,404	56344,62307	0,094901783	125,75	17,70714286	0,6	0,018	0,178321	0,796321	16,91082186			108,200844	0,026	0,18	1,364259773	460,4339004	1240,830342
B	C	SC3	72	237680,9184	1015217,731	41173,71625	0,093347081	132,25	17,54285714	0,475	0,025	0,213237	0,713237	16,82962014	1243,663534	1140,018559	103,6449746	0,032	0,25	1,348259809	358,982363	1357,889808
B	J	SJ1	72	338408,1478	508662,4005	47135,94506	2,304833819	181,25	47,87142857	4,359	0,045	0,574867	4,978867	42,89256157	2408,196984	2314,358371	95,37390432	0,025	0,45	3,163873866	1521,773061	1927,57921
B	J	SJ2	72	521307,5906	377945,9966	42367,7228	2,158093173	150,5833333	46,86428571	5,546	0,043	0,471366	6,060366	40,80391971	2291,163998	2099,712297	192,1109737	0,036	0,54	3,188810215	1014,515374	1139,378804
B	J	SJ3	72	594644,0822	377867,9569	48782,58155	1,058092919	136,25	49,35	6,429	0,037	0,481342	6,947342	42,402658	1808,468823	1713,444613	112,9475643	0,034	0,51	3,791130652	1240,830342	1389,105666
B	C	SC1	96	209406,6084	358358,0459	5665,678165	0,077721167	130,9166667	16,91428571	0,102	0,017	0,250647	0,369647	16,54463871	0,58855152	0,58855152	382,3638735	0,034	0,34	1,883588586	593,1012955	1670,048385
B	C	SC2	96	168762,2878	547370,064	34930,54472	0,063144098	122,5	10,55714286	0,287	0,029	0,172086	0,488086	10,06905686	1046,867031	977,7725471	81,72743706	0,041	0,3	1,803302426	327,7665054	2208,521929
B	C	SC3	96	228845,1966	396285,3129	19057,2811	0,066810409	123,9166667	12,23571429	0,186	0,019	0,215731	0,420731	11,81498329	1889,068118	1796,524293	92,54382513	0,029	0,27	1,971715192	280,9427189	2192,914
B	J	SJ1	96	341942,4366	321679,4131	31223,66162	1,468153641	143,6666667	31,95	3,831	0,093	0,592325	4,516325	27,433675	2257,428017	2173,525498	89,2988372	0,032	1,04	4,784271299	2068,05057	5860,777275
B	J	SJ2	96	452388,96	221086,3118	28890,27626	0,948860035	143,9166667	33,34285714	4,867	0,042	0,465131	5,374131	27,96872614	2832,94732	2685,623185	149,2281629	0,032	0,92	5,914148795	967,6915873	4783,830186
B	J	SJ3	96	456806,8209	224676,1355	32347,4325	0,477131022	138,9166667	35,32142857	5,896	0,039	0,477601	6,412601	28,90882757	1664,840455	1424,011177	251,1412692	0,034	1,25	7,591952542	1178,398627	5345,715624
B	C	SC1	120	198803,7422	244498,2051	3964,413922	0,057366176	133,5	17,63571429	0,057	0,021	0,223213	0,301213	17,33450129	1752,220192	1665,195616	89,19390359	0,038	0,29	1,98213264	538,4735446	2177,306071
B	C	SC2	120	136070,1169	410644,6075	24168,87779	0,05125411	120,3333333	10,86428571	0,153	0,02	0,144652	0,317652	10,54663371	1145,984165	1035,835693	110,1484722	0,026	0,32	1,536197322	273,1387545	2411,425004
B	C	SC3	120	123700,1063	382082,0977	13297,95536	0,053277542	125,25	12,58571429	0,066	0,021	0,213237	0,300237	12,28547729	1276,158414	1178,28309	97,87532392	0,032	0,3	1,867921903	226,314968	2380,209146
B	J	SJ1	120	362264,5969	223193,3822	16950,21071	1,516859896	155,75	37,05714286	3,398	0,103	0,519999	4,020999	33,03614386	2304,445865	2192,143098	123,2472848	0,028	1,19	4,887639222	897,4559076	5072,576869
B	J	SJ2	120	440902,5216	162088,3409	17137,50585	0,716531895	146,8333333	35,52142857	4,287	0,049	0,437697	4,773697	30,74773157	2221,568985	2065,128608	170,4239326	0,038	1,57	5,955560056	374,5902919	5970,032777
B	J	SJ3	120	303065,2603	152801,6232	20344,93523	0,557775957	139	38,27857143	5,336	0,042	0,510023	5,888023	32,39054843	1558,806341	1272,06488	334,1749544	0,031	0,88	6,438381313	382,3942563	5174,028406
B	C	SC1	144	139604,4056	300920,8678	3980,021851	0,047258294	156	17,34285714	0,047	0,022	0,241918	0,310918	17,03193914	1047,408262	960,478723	89,64298989	0,033	0,33	1,809403972	241,9228968	2372,405182
B	C	SC2	144	96309,36844	413141,8761	18667,08288	0,049889685	123,1666667	10,58571429	0,059	0,013	0,134676	0,206676	10,37903829	1064,359666	978,7122762	85,64739029	0,017	0,35	1,563041114	296,5506477	2325,581395
B	C	SC3	144	125467,2506	436007,4918	10020,29031	0,050706483	122,4166667	11,52857143	0	0,016	0,164604	0,180604	11,34796743	1399,85529	1303,708253	99,25206196	0,026	0,28	1,478589836	296,5506477	2309,973467
B	J	SJ1	144	620267,6756	165600,1249	10589,97971	1,750803069	146,9166667	40,22142857	2,626	0,105	0,518752	3,249752	36,97167657	2160,439865	1951,51426	222,6780633	0,043	0,9	5,046512106	210,7070392	2934,29062
B	J	SJ2	144	405559,6341	142032,1523	11838,61402	0,774167243	135,0833333	31,41428571	3,66	0,05	0,438944	4,148944	27,26534171	1894,602719	1757,445415	149,4056161	0,043	1,17	5,194144661	171,6872171	3519,587951
B	J	SJ3	144	387888,1903	132823,4743	13773,99719	0,526227112	133,75	36,55714286	5,092	0,046	0,487577	5,625577	30,93156586	2027,326003	1704,161823	334,7841877	0,042	0,74	2,954261265	202,9030748	1771,499922
